2.867384699187872643e-01
2.228517760572782391e-01
1.698163304115803685e-01
1.251325070719418453e-01
8.851439721217836676e-02
6.085731927786992151e-02
3.870968973531305202e-02
2.196252410515543360e-02
1.432362572839895702e-02
1.778290514706016429e-02
4.089631141227268590e-02
8.139321336770835580e-02
8.723304714058957576e-02
1.245902261659688343e-01
1.939243369471244371e-01
3.220020879318217788e-01
4.815578010847037516e-01
6.516533994494602133e-01
7.783860009791934154e-01
8.631435109966437702e-01
9.212184918114868504e-01
9.499963448203339045e-01
9.107046820406103915e-01
8.419096300790833709e-01
8.105147611426523069e-01
8.324020454997899110e-01
8.555589684669882011e-01
8.680113476698402275e-01
8.583681507088349871e-01
8.470297784353434389e-01
8.408954710593465887e-01
8.587307692771549705e-01
8.682508289346356767e-01
8.751264805419304293e-01
8.525974064751850046e-01
8.432477548691658109e-01
8.405675558747039977e-01
8.528297596217105925e-01
8.639024358144739013e-01
8.611679216583951746e-01
8.392519170386659733e-01
8.184538137849747264e-01
7.735478798468465866e-01
7.137938834634108831e-01
6.353121789305695710e-01
5.702344431717453199e-01
4.585352883698972093e-01
3.581058286954352798e-01
